{startinggps: [-41.401532, 147.120110],
startingimu: [0.0,0.0,0.0],
mass: 15.0,
xg: -0.1,
Iz: 6,
Xu: -21.1,
Xudot: -84.0,
Yv: -85.0,
Yvdot: -125.0,
Yr: -0.015,
Yrdot: -0.15,
Nv: -0.3,
Nr: -80,
Nrdot: -180
}