thruster: {
    n: 3,
    name: ['thr1','thr2','thr0'],
    kcoeff: [1.,1.,1.],
    pcoeff: [1.,1.,0.8],
    omega: [0.0000001,0.0000001,1.],
    fmax: [20.,20.,10.0],
    fmin: [-20.,-20.,-10.],
    alpha0: [0.,0.,90.],
    alphamax: [180.,180.,90.],
    alphamin: [-180.,-180.,90.],
    rpmmax: [200.,200.,0.],
    rpmmin: [-200.,-200.,-0.],
    lx: [-0.5,-0.5,0.7],
    ly: [-0.15,0.15,0],
    }
