thrusterDP: {
    n: 3,
    name: ['bow','port','star'],
    W: [25,50,50],
    Q: [100000,100000,100000],
    Beta: 1,
    fmax: [10,20.,20.],
    fmin: [-10,-20.,-20.],
    alpha: [1.57079632679,-0.78539816339,0.78539816339],
    lx: [0.7,-0.5,-0.5],
    ly: [0.0,-0.15,0.15],
    }
